x_1 = 0.000000e+00,	f(x_1) = 5.000000e-01,	e_1 = -1.000000e+00,	e_1^2 = 1.000000e+00
x_2 = 5.000000e-01,	f(x_2) = 1.000000e+00,	e_2 = -5.000000e-01,	e_2^2 = 2.500000e-01
x_3 = 1.000000e+00,	f(x_3) = 1.000000e+00,	e_3 = 0.000000e+00,	e_3^2 = 0.000000e+00
Solved to result = 1.000000e+00, in 3 steps.

x_1 = 1.000000e+01,	f(x_1) = 6.874046e+00,	e_1 = 9.000000e+00,	e_1^2 = 8.100000e+01
x_2 = 6.874046e+00,	f(x_2) = 4.783420e+00,	e_2 = 5.874046e+00,	e_2^2 = 3.450441e+01
x_3 = 4.783420e+00,	f(x_3) = 3.380681e+00,	e_3 = 3.783420e+00,	e_3^2 = 1.431427e+01
x_4 = 3.380681e+00,	f(x_4) = 2.434411e+00,	e_4 = 2.380681e+00,	e_4^2 = 5.667642e+00
x_5 = 2.434411e+00,	f(x_5) = 1.792739e+00,	e_5 = 1.434411e+00,	e_5^2 = 2.057534e+00
x_6 = 1.792739e+00,	f(x_6) = 1.363428e+00,	e_6 = 7.927394e-01,	e_6^2 = 6.284357e-01
x_7 = 1.363428e+00,	f(x_7) = 1.107429e+00,	e_7 = 3.634276e-01,	e_7^2 = 1.320797e-01
x_8 = 1.107429e+00,	f(x_8) = 1.011221e+00,	e_8 = 1.074293e-01,	e_8^2 = 1.154105e-02
x_9 = 1.011221e+00,	f(x_9) = 1.000126e+00,	e_9 = 1.122124e-02,	e_9^2 = 1.259163e-04
x_10 = 1.000126e+00,	f(x_10) = 1.000000e+00,	e_10 = 1.258698e-04,	e_10^2 = 1.584321e-08
x_11 = 1.000000e+00,	f(x_11) = 1.000000e+00,	e_11 = 1.584321e-08,	e_11^2 = 2.510073e-16
Solved to result = 1.000000e+00, in 11 steps.
