REGULA FALSI...

steps = 1
a = 0
b = 1
p = 0.685073
residual = 0.0892993

steps = 2
a = 0.685073
b = 0.773191
p = 0.738674
residual = 0.000687802

steps = 3
a = 0.738674
b = 0.739481
p = 0.739085
residual = 6.00545e-08

steps = 4
a = 0.739085
b = 0.739085
p = 0.739085
residual = 5.55112e-16

root = 0.739085
f(root) = -6.66134e-16

